# Created by Octave 3.8.1, Tue Jun 13 12:51:34 2017 IST <jishnu@jarvis>
# name: a
# type: matrix
# rows: 1
# columns: 10
 4 4 4 2 3 4 4 3 2 2


