# Created by Octave 3.8.1, Tue Jun 13 12:51:16 2017 IST <jishnu@jarvis>
# name: c
# type: matrix
# rows: 1
# columns: 10
 3 3 3 1 2 3 4 5 6 7


