# Created by Octave 3.8.1, Tue Jun 13 12:50:48 2017 IST <jishnu@jarvis>
# name: mu
# type: matrix
# rows: 2
# columns: 10
 1 2 3 4 5 6 7 8 9 10
 2 3 4 5 6 7 8 9 10 11


