# Created by Octave 3.8.1, Tue Jun 13 13:02:17 2017 IST <jishnu@jarvis>
# name: sig
# type: matrix
# rows: 2
# columns: 10
 2 2 4 3 2 4 5 6 3 5
 0 1 2 3 4 3 7 7 6 4


